date,new_cases,new_deaths,new_tests,total_cases,total_deaths,new_cases_per_mil,new_deaths_per_10mil
2019-12-31,0.0,0.0,,0.0,0.0,0.0,0.0
2020-01-01,0.0,0.0,,0.0,0.0,0.0,0.0
2020-01-02,0.0,0.0,,0.0,0.0,0.0,0.0
2020-01-03,0.0,0.0,,0.0,0.0,0.0,0.0
2020-01-04,0.0,0.0,,0.0,0.0,0.0,0.0
2020-01-05,0.0,0.0,,0.0,0.0,0.0,0.0
2020-01-06,0.0,0.0,,0.0,0.0,0.0,0.0
2020-01-07,0.0,0.0,,0.0,0.0,0.0,0.0
2020-01-08,0.0,0.0,,0.0,0.0,0.0,0.0
2020-01-09,0.0,0.0,,0.0,0.0,0.0,0.0
2020-01-10,0.0,0.0,,0.0,0.0,0.0,0.0
2020-01-11,0.0,0.0,,0.0,0.0,0.0,0.0
2020-01-12,0.0,0.0,,0.0,0.0,0.0,0.0
2020-01-13,0.0,0.0,,0.0,0.0,0.0,0.0
2020-01-14,0.0,0.0,,0.0,0.0,0.0,0.0
2020-01-15,0.0,0.0,,0.0,0.0,0.0,0.0
2020-01-16,0.0,0.0,,0.0,0.0,0.0,0.0
2020-01-17,0.0,0.0,,0.0,0.0,0.0,0.0
2020-01-18,0.0,0.0,,0.0,0.0,0.0,0.0
2020-01-19,0.0,0.0,,0.0,0.0,0.0,0.0
2020-01-20,0.0,0.0,,0.0,0.0,0.0,0.0
2020-01-21,0.0,0.0,,0.0,0.0,0.0,0.0
2020-01-22,0.0,0.0,,0.0,0.0,0.0,0.0
2020-01-23,0.0,0.0,,0.0,0.0,0.0,0.0
2020-01-24,0.0,0.0,,0.0,0.0,0.0,0.0
2020-01-25,0.0,0.0,,0.0,0.0,0.0,0.0
2020-01-26,0.0,0.0,,0.0,0.0,0.0,0.0
2020-01-27,0.0,0.0,,0.0,0.0,0.0,0.0
2020-01-28,0.0,0.0,,0.0,0.0,0.0,0.0
2020-01-29,0.0,0.0,,0.0,0.0,0.0,0.0
2020-01-30,0.0,0.0,,0.0,0.0,0.0,0.0
2020-01-31,3.0,0.0,,3.0,0.0,0.050815183956386206,0.0
2020-02-01,0.0,0.0,,3.0,0.0,0.0,0.0
2020-02-02,0.0,0.0,,3.0,0.0,0.0,0.0
2020-02-03,0.0,0.0,,3.0,0.0,0.0,0.0
2020-02-04,0.0,0.0,,3.0,0.0,0.0,0.0
2020-02-05,0.0,0.0,,3.0,0.0,0.0,0.0
2020-02-06,0.0,0.0,,3.0,0.0,0.0,0.0
2020-02-07,0.0,0.0,,3.0,0.0,0.0,0.0
2020-02-08,0.0,0.0,,3.0,0.0,0.0,0.0
2020-02-09,0.0,0.0,,3.0,0.0,0.0,0.0
2020-02-10,0.0,0.0,,3.0,0.0,0.0,0.0
2020-02-11,0.0,0.0,,3.0,0.0,0.0,0.0
2020-02-12,0.0,0.0,,3.0,0.0,0.0,0.0
2020-02-13,0.0,0.0,,3.0,0.0,0.0,0.0
2020-02-14,0.0,0.0,,3.0,0.0,0.0,0.0
2020-02-15,0.0,0.0,,3.0,0.0,0.0,0.0
2020-02-16,0.0,0.0,,3.0,0.0,0.0,0.0
2020-02-17,0.0,0.0,,3.0,0.0,0.0,0.0
2020-02-18,0.0,0.0,,3.0,0.0,0.0,0.0
2020-02-19,0.0,0.0,,3.0,0.0,0.0,0.0
2020-02-20,0.0,0.0,,3.0,0.0,0.0,0.0
2020-02-21,0.0,0.0,,3.0,0.0,0.0,0.0
2020-02-22,14.0,0.0,,17.0,0.0,0.2371375251298023,0.0
2020-02-23,62.0,2.0,,79.0,2.0,1.0501804684319818,0.3387678930425747
2020-02-24,53.0,0.0,,132.0,2.0,0.897734916562823,0.0
2020-02-25,97.0,4.0,,229.0,6.0,1.6430242812564875,0.6775357860851494
2020-02-26,93.0,5.0,,322.0,11.0,1.5752707026479724,0.8469197326064368
2020-02-27,78.0,1.0,,400.0,12.0,1.3211947828660415,0.16938394652128735
2020-02-28,250.0,5.0,,650.0,17.0,4.234598663032184,0.8469197326064368
2020-02-29,238.0,4.0,,888.0,21.0,4.031337927206639,0.6775357860851494
2020-03-01,240.0,8.0,,1128.0,29.0,4.065214716510896,1.3550715721702988
2020-03-02,561.0,6.0,,1689.0,35.0,9.50243939984422,1.0163036791277242
2020-03-03,347.0,17.0,,2036.0,52.0,5.877622944288671,2.879527090861885
2020-03-04,466.0,28.0,,2502.0,80.0,7.893291907891991,4.742750502596046
2020-03-05,587.0,27.0,,3089.0,107.0,9.942837660799567,4.573366556074759
2020-03-06,769.0,41.0,,3858.0,148.0,13.025625487486998,6.944741807372782
2020-03-07,778.0,49.0,,4636.0,197.0,13.178071039356157,8.29981337954308
2020-03-08,1247.0,36.0,,5883.0,233.0,21.122178131204535,6.097822074766344
2020-03-09,1492.0,133.0,,7375.0,366.0,25.272084820976072,22.52806488733122
2020-03-10,1797.0,98.0,,9172.0,464.0,30.43829518987534,16.59962675908616
2020-03-11,977.0,167.0,,10149.0,631.0,16.548811575129776,28.287119069054988
2020-03-12,2313.0,196.0,,12462.0,827.0,39.17850683037377,33.19925351817232
2020-03-13,2651.0,189.0,,15113.0,1016.0,44.90368422279328,32.01356589252331
2020-03-14,2547.0,252.0,,17660.0,1268.0,43.142091178971896,42.68475452336442
2020-03-15,3497.0,173.0,,21157.0,1441.0,59.233566098494194,29.303422748182715
2020-03-16,2823.0,370.0,,23980.0,1811.0,47.817088102959424,62.672060212876325
2020-03-17,4000.0,347.0,,27980.0,2158.0,67.75357860851494,58.77622944288671
2020-03-18,3526.0,347.0,,31506.0,2505.0,59.72477954340592,58.77622944288671
2020-03-19,4207.0,473.0,,35713.0,2978.0,71.25982630150558,80.11860670456892
2020-03-20,5322.0,429.0,,41035.0,3407.0,90.14613633862913,72.66571305763227
2020-03-21,5986.0,625.0,,47021.0,4032.0,101.3932303876426,105.86496657580462
2020-03-22,6557.0,795.0,,53578.0,4827.0,111.06505373400812,134.66023748442345
2020-03-23,5560.0,649.0,,59138.0,5476.0,94.17747426583577,109.9301812923155
2020-03-24,4789.0,601.0,,63927.0,6077.0,81.1179719890445,101.7997518592937
2020-03-25,5249.0,743.0,,69176.0,6820.0,88.90963352902374,125.85227226531651
2020-03-26,5210.0,685.0,,74386.0,7505.0,88.2490361375907,116.02800336708184
2020-03-27,6153.0,660.0,,80539.0,8165.0,104.22194229454811,111.79340470404966
2020-03-28,5959.0,971.0,,86498.0,9136.0,100.93589373203514,164.47181207217002
2020-03-29,5974.0,887.0,,92472.0,10023.0,101.18996965181708,150.24356056438188
2020-03-30,5217.0,758.0,,97689.0,10781.0,88.36760490015561,128.39303146313583
2020-03-31,4050.0,810.0,,101739.0,11591.0,68.60049834112138,137.20099668224276
2020-04-01,4053.0,839.0,,105792.0,12430.0,68.65131352507777,142.1131311313601
2020-04-02,4782.0,727.0,,110574.0,13157.0,80.99940322647961,123.14212912097591
2020-04-03,4668.0,760.0,,115242.0,13917.0,79.06842623613694,128.73179935617839
2020-04-04,4585.0,764.0,,119827.0,14681.0,77.66253948001025,129.40933514226353
2020-04-05,4805.0,681.0,,124632.0,15362.0,81.38898630347857,115.35046758099669
2020-04-06,4316.0,527.0,,128948.0,15889.0,73.10611131858762,89.26533981671844
2020-04-07,3599.0,636.0,,132547.0,16525.0,60.96128235301132,107.72818998753876
2020-04-08,3039.0,604.0,,135586.0,17129.0,51.47578134781923,102.30790369885757
2020-04-09,3836.0,540.0,,139422.0,17669.0,64.97568188556583,91.46733112149518
2020-04-10,4204.0,612.0,,143626.0,18281.0,71.20901111754921,103.66297527102788
2020-04-11,3951.0,570.0,,147577.0,18851.0,66.92359727056065,96.54884951713379
2020-04-12,4694.0,619.0,,152271.0,19470.0,79.50882449709229,104.84866289667687
2020-04-13,4092.0,431.0,,156363.0,19901.0,69.31191091651078,73.00448095067485
2020-04-14,3153.0,564.0,,159516.0,20465.0,53.4067583381619,95.53254583800607
2020-04-15,2972.0,604.0,,162488.0,21069.0,50.34090890612661,102.30790369885757
2020-04-16,2667.0,578.0,,165155.0,21647.0,45.17469853722734,97.90392108930409
2020-04-17,3786.0,525.0,,168941.0,22172.0,64.1287621529594,88.92657192367587
2020-04-18,3493.0,575.0,,172434.0,22747.0,59.16581251988568,97.39576924974024
2020-04-19,3491.0,480.0,,175925.0,23227.0,59.13193573058142,81.30429433021793
2020-04-20,3047.0,433.0,7841.0,178972.0,23660.0,51.611288505036256,73.34324884371743
2020-04-21,2256.0,454.0,28095.0,181228.0,24114.0,38.21301833520243,76.90031172066446
2020-04-22,2729.0,534.0,44248.0,183957.0,24648.0,46.22487900565932,90.45102744236746
2020-04-23,3370.0,437.0,37083.0,187327.0,25085.0,57.08238997767384,74.02078462980258
2020-04-24,2646.0,464.0,95273.0,189973.0,25549.0,44.818992249532634,78.59415118587734
2020-04-25,3021.0,420.0,38676.0,192994.0,25969.0,51.170890244080915,71.14125753894069
2020-04-26,2357.0,415.0,24113.0,195351.0,26384.0,39.92379619506743,70.29433780633425
2020-04-27,2324.0,260.0,26678.0,197675.0,26644.0,39.364829171547186,44.039826095534714
2020-04-28,1739.0,333.0,37554.0,199414.0,26977.0,29.455868300051872,56.40485419158869
2020-04-29,2091.0,382.0,38589.0,201505.0,27359.0,35.41818321760118,64.70466757113176
2020-04-30,2086.0,323.0,41441.0,203591.0,27682.0,35.33349124434054,54.711014726375815
2020-05-01,1872.0,285.0,43732.0,205463.0,27967.0,31.70867478878499,48.274424758566894
2020-05-02,1965.0,269.0,31231.0,207428.0,28236.0,33.283945491432966,45.564281614226296
2020-05-03,1900.0,474.0,27047.0,209328.0,28710.0,32.1829498390446,80.28799065109021
2020-05-04,1389.0,174.0,22999.0,210717.0,28884.0,23.527430171806813,29.472806694704
2020-05-05,1221.0,195.0,32211.0,211938.0,29079.0,20.681779870249187,33.029869571651034
2020-05-06,1075.0,236.0,37771.0,213013.0,29315.0,18.20877425103839,39.97461137902382
2020-05-07,1444.0,369.0,13665.0,214457.0,29684.0,24.459041877673897,62.50267626635504
2020-05-08,1401.0,274.0,45428.0,215858.0,29958.0,23.73069090763236,46.41120134683273
2020-05-09,1327.0,243.0,36091.0,217185.0,30201.0,22.477249703374834,41.16029900467283
2020-05-10,1083.0,194.0,31384.0,218268.0,30395.0,18.344281408255423,32.86048562512975
2020-05-11,802.0,165.0,25823.0,219070.0,30560.0,13.584592511007248,27.948351176012416
2020-05-12,744.0,179.0,39620.0,219814.0,30739.0,12.60216562118378,30.319726427310435
2020-05-13,1402.0,172.0,37049.0,221216.0,30911.0,23.747629302284487,29.134038801661426
2020-05-14,888.0,195.0,41131.0,222104.0,31106.0,15.041294451090318,33.029869571651034
2020-05-15,992.0,262.0,39027.0,223096.0,31368.0,16.802887494911708,44.37859398857729
2020-05-16,789.0,242.0,40657.0,223885.0,31610.0,13.364393380529574,40.99091505815154
2020-05-17,875.0,153.0,33505.0,224760.0,31763.0,14.821095320612644,25.91574381775697
2020-05-18,675.0,145.0,26101.0,225435.0,31908.0,11.433416390186895,24.560672245586666
2020-05-19,451.0,99.0,40226.0,225886.0,32007.0,7.63921598811006,16.76901070560745
2020-05-20,813.0,162.0,38617.0,226699.0,32169.0,13.770914852180661,27.44019933644855
2020-05-21,665.0,161.0,40644.0,227364.0,32330.0,11.26403244366561,27.270815389927268
2020-05-22,642.0,156.0,42987.0,228006.0,32486.0,10.87444936666665,26.42389565732083
2020-05-23,652.0,130.0,42579.0,228658.0,32616.0,11.043833313187937,22.019913047767357
2020-05-24,669.0,119.0,34206.0,229327.0,32735.0,11.331786022274125,20.156689636033196
2020-05-25,531.0,50.0,20676.0,229858.0,32785.0,8.994287560280359,8.469197326064368
2020-05-26,300.0,92.0,33944.0,230158.0,32877.0,5.0815183956386205,15.583323079958436
2020-05-27,397.0,78.0,37299.0,230555.0,32955.0,6.7245426768951075,13.211947828660415
2020-05-28,584.0,117.0,39838.0,231139.0,33072.0,9.892022476843183,19.81792174299062
2020-05-29,593.0,70.0,38233.0,231732.0,33142.0,10.044468028712341,11.856876256490114
2020-05-30,516.0,87.0,36051.0,232248.0,33229.0,8.740211640498428,14.736403347352
2020-05-31,416.0,111.0,28948.0,232664.0,33340.0,7.046372175285554,18.801618063862897
2020-06-01,355.0,75.0,18053.0,233019.0,33415.0,6.013130101505701,12.703795989096552
2020-06-02,178.0,60.0,25628.0,233197.0,33475.0,3.015034248078915,10.163036791277241
2020-06-03,318.0,55.0,20035.0,233515.0,33530.0,5.386409499376938,9.316117058670805
2020-06-04,321.0,71.0,27451.0,233836.0,33601.0,5.437224683333325,12.026260203011402
2020-06-05,177.0,88.0,40470.0,234013.0,33689.0,2.9980958534267863,14.905787293873287
2020-06-06,518.0,85.0,34036.0,234531.0,33774.0,8.774088429802685,14.397635454309427
2020-06-07,270.0,72.0,27894.0,234801.0,33846.0,4.573366556074759,12.195644149532688
2020-06-08,197.0,53.0,16301.0,234998.0,33899.0,3.336863746469361,8.97734916562823
2020-06-09,280.0,65.0,32200.0,235278.0,33964.0,4.742750502596046,11.009956523883679
2020-06-10,283.0,79.0,37865.0,235561.0,34043.0,4.793565686552433,13.381331775181701
2020-06-11,202.0,71.0,32991.0,235763.0,34114.0,3.4215557197300046,12.026260203011402
2020-06-12,379.0,53.0,37651.0,236142.0,34167.0,6.419651573156791,8.97734916562823
2020-06-13,163.0,56.0,32880.0,236305.0,34223.0,2.7609583282969843,9.485501005192091
2020-06-14,346.0,78.0,29545.0,236651.0,34301.0,5.860684549636543,13.211947828660415
2020-06-15,338.0,44.0,17463.0,236989.0,34345.0,5.725177392419512,7.452893646936643
2020-06-16,301.0,26.0,27762.0,237290.0,34371.0,5.09845679029075,4.403982609553471
2020-06-17,210.0,34.0,33957.0,237500.0,34405.0,3.5570628769470347,5.75905418172377
2020-06-18,328.0,43.0,32921.0,237828.0,34448.0,5.555793445898225,7.283509700415356
2020-06-19,331.0,66.0,28570.0,238159.0,34514.0,5.606608629854612,11.179340470404965
2020-06-20,297.5,47.0,29875.0,238456.5,34561.0,5.039172409008299,7.961045486500506
2020-06-21,264.0,49.0,24581.0,238720.5,34610.0,4.471736188161986,8.29981337954308
2020-06-22,224.0,24.0,16152.0,238944.5,34634.0,3.7942004020768367,4.065214716510897
2020-06-23,221.0,23.0,23225.0,239165.5,34657.0,3.7433852181204506,3.895830769989609
2020-06-24,113.0,18.0,30237.0,239278.5,34675.0,1.9140385956905472,3.048911037383172
2020-06-25,577.0,-31.0,29421.0,239855.5,34644.0,9.773453714278281,-5.250902342159908
2020-06-26,296.0,34.0,28331.0,240151.5,34678.0,5.013764817030106,5.75905418172377
2020-06-27,255.0,30.0,29721.0,240406.5,34708.0,4.319290636292828,5.0815183956386205
2020-06-28,175.0,8.0,21183.0,240581.5,34716.0,2.964219064122529,1.3550715721702988
2020-06-29,174.0,22.0,15484.0,240755.5,34738.0,2.9472806694704,3.7264468234683217
2020-06-30,126.0,6.0,28471.0,240881.5,34744.0,2.134237726168221,1.0163036791277242
2020-07-01,142.0,23.0,29325.0,241023.5,34767.0,2.4052520406022806,3.895830769989609
2020-07-02,182.0,21.0,29147.0,241205.5,34788.0,3.08278782668743,3.5570628769470347
2020-07-03,201.0,30.0,25680.0,241406.5,34818.0,3.4046173250778757,5.0815183956386205
2020-07-04,223.0,15.0,28946.0,241629.5,34833.0,3.777262007424708,2.5407591978193103
2020-07-05,235.0,21.0,21166.0,241864.5,34854.0,3.9805227432502526,3.5570628769470347
2020-07-06,192.0,7.0,13771.0,242056.5,34861.0,3.252171773208717,1.1856876256490114
2020-07-07,208.0,8.0,22490.0,242264.5,34869.0,3.523186087642777,1.3550715721702988
2020-07-08,137.0,30.0,28679.0,242401.5,34899.0,2.3205600673416367,5.0815183956386205
2020-07-09,193.0,15.0,29947.0,242594.5,34914.0,3.269110167860846,2.5407591978193103
2020-07-10,214.0,12.0,27251.0,242808.5,34926.0,3.6248164555555493,2.0326073582554485
2020-07-11,276.0,12.0,25449.0,243084.5,34938.0,4.674996923987531,2.0326073582554485
2020-07-12,188.0,7.0,23061.0,243272.5,34945.0,3.1844181946002026,1.1856876256490114
2020-07-13,234.0,9.0,14006.0,243506.5,34954.0,3.9635843485981237,1.524455518691586
2020-07-14,169.0,13.0,24222.0,243675.5,34967.0,2.862588696209756,2.2019913047767354
2020-07-15,114.0,17.0,28392.0,243789.5,34984.0,1.9309769903426761,2.879527090861885
2020-07-16,162.0,13.0,28089.0,243951.5,34997.0,2.744019933644855,2.2019913047767354
2020-07-17,230.0,20.0,28661.0,244181.5,35017.0,3.895830769989609,3.3876789304257473
2020-07-18,231.0,11.0,27569.0,244412.5,35028.0,3.912769164641738,1.8632234117341608
2020-07-19,249.0,14.0,20621.0,244661.5,35042.0,4.217660268380055,2.371375251298023
2020-07-20,218.0,3.0,14121.0,244879.5,35045.0,3.6925700341640644,0.5081518395638621
2020-07-21,190.0,13.0,23915.0,245069.5,35058.0,3.21829498390446,2.2019913047767354
2020-07-22,128.0,15.0,29288.0,245197.5,35073.0,2.168114515472478,2.5407591978193103
2020-07-23,280.0,9.0,33018.0,245477.5,35082.0,4.742750502596046,1.524455518691586
2020-07-24,306.0,10.0,28970.0,245783.5,35092.0,5.183148763551394,1.6938394652128737
2020-07-25,252.0,5.0,28059.0,246035.5,35097.0,4.268475452336442,0.8469197326064368
2020-07-26,274.0,5.0,25177.0,246309.5,35102.0,4.641120134683273,0.8469197326064368
2020-07-27,254.0,5.0,19374.0,246563.5,35107.0,4.3023522416406985,0.8469197326064368
2020-07-28,168.0,5.0,25341.0,246731.5,35112.0,2.8456503015576278,0.8469197326064368
2020-07-29,202.0,11.0,30875.0,246933.5,35123.0,3.4215557197300046,1.8632234117341608
2020-07-30,288.0,6.0,33396.0,247221.5,35129.0,4.878257659813076,1.0163036791277242
2020-07-31,382.0,3.0,29686.0,247603.5,35132.0,6.470466757113177,0.5081518395638621
2020-08-01,379.0,9.0,31905.0,247982.5,35141.0,6.419651573156791,1.524455518691586
2020-08-02,295.0,5.0,24496.0,248277.5,35146.0,4.9968264223779775,0.8469197326064368
2020-08-03,238.0,8.0,13467.0,248515.5,35154.0,4.031337927206639,1.3550715721702988
2020-08-04,159.0,12.0,23491.0,248674.5,35166.0,2.693204749688469,2.0326073582554485
2020-08-05,190.0,5.0,29739.0,248864.5,35171.0,3.21829498390446,0.8469197326064368
2020-08-06,384.0,10.0,32169.0,249248.5,35181.0,6.504343546417434,1.6938394652128737
2020-08-07,401.0,6.0,30392.0,249649.5,35187.0,6.792296255503624,1.0163036791277242
2020-08-08,552.0,3.0,26631.0,250201.5,35190.0,9.349993847975062,0.5081518395638621
2020-08-09,347.0,13.0,22773.0,250548.5,35203.0,5.877622944288671,2.2019913047767354
2020-08-10,463.0,2.0,10904.0,251011.5,35205.0,7.842476723935605,0.3387678930425747
2020-08-11,259.0,4.0,22063.0,251270.5,35209.0,4.387044214901342,0.6775357860851494
2020-08-12,412.0,6.0,27330.0,251682.5,35215.0,6.978618596677039,1.0163036791277242
2020-08-13,476.0,10.0,25629.0,252158.5,35225.0,8.062675854413278,1.6938394652128737
2020-08-14,522.0,6.0,24868.0,252680.5,35231.0,8.8418420084112,1.0163036791277242
2020-08-15,574.0,3.0,25937.0,253254.5,35234.0,9.722638530321895,0.5081518395638621
2020-08-16,629.0,158.0,22470.0,253883.5,35392.0,10.654250236188975,26.762663550363403
2020-08-17,477.0,4.0,21379.0,254360.5,35396.0,8.079614249065408,0.6775357860851494
2020-08-18,320.0,4.0,32687.0,254680.5,35400.0,5.420286288681195,0.6775357860851494
2020-08-19,401.0,5.0,41290.0,255081.5,35405.0,6.792296255503624,0.8469197326064368
2020-08-20,642.0,7.0,49662.0,255723.5,35412.0,10.87444936666665,1.1856876256490114
2020-08-21,840.0,6.0,44943.0,256563.5,35418.0,14.228251507788139,1.0163036791277242
2020-08-22,947.0,9.0,46613.0,257510.5,35427.0,16.040659735565914,1.524455518691586
2020-08-23,1071.0,3.0,47463.0,258581.5,35430.0,18.141020672429878,0.5081518395638621
2020-08-24,1209.0,7.0,33358.0,259790.5,35437.0,20.478519134423642,1.1856876256490114
2020-08-25,953.0,4.0,45798.0,260743.5,35441.0,16.142290103478686,0.6775357860851494
2020-08-26,876.0,4.0,58054.0,261619.5,35445.0,14.838033715264773,0.6775357860851494
2020-08-27,1366.0,13.0,57640.0,262985.5,35458.0,23.137847094807857,2.2019913047767354
2020-08-28,1409.0,5.0,65135.0,264394.5,35463.0,23.86619806484939,0.8469197326064368
2020-08-29,1460.0,9.0,64294.0,265854.5,35472.0,24.730056192107956,1.524455518691586
2020-08-30,1444.0,1.0,53541.0,267298.5,35473.0,24.459041877673897,0.16938394652128735
2020-08-31,1365.0,4.0,42583.0,268663.5,35477.0,23.120908700155727,0.6775357860851494
2020-09-01,996.0,6.0,54395.0,269659.5,35483.0,16.87064107352022,1.0163036791277242
2020-09-02,975.0,8.0,,270634.5,35491.0,16.514934785825517,1.3550715721702988
2020-09-03,1326.0,6.0,,271960.5,35497.0,22.460311308722705,1.0163036791277242
